$ANSIBLE_VAULT;1.1;AES256
62343064643663316135626661303330396136333737343832666666393437316261306237363331
6362326239616664323533643661663430343230636464610a333961353732373432643063326366
62356339613834626134666161383130316563616431353039303865633637653136393934386164
3135353133386164360a343465666463626133333236306364313763303565393961386133353565
39376439636163363661333033383633623732306662313732363362316333343131363539666535
63303139653862366633663536316135333831663361663832643839333139393738636661323436
32623633633734346161656366353863643935623437303335636632636136313136323330393061
30346431346236636638633739383964653037656165626535373033633665663563373464376335
34623133616664373337623439326439623331333361336132303461623463323837386435383166
35383062376162303561383230306237333364636534323639303437386632386535623461376362
34366463623836363931396637363138303232373631656436636365363464373236326439313138
39303036366264666466656437303466393061326139653231313364306231366564613837616265
33383833626539373332363462306330646266376233373936663931303630633066653134623265
3062613961633166626365366361373662333035373764356633
